-67.49741364
-58.17382813
-52.43727875
-48.28231812
-45.02272034
-42.34019089
-40.06081009
-38.0790863
-36.3261795
-34.75468063
-33.3305397
-32.02846909
-30.82919121
-29.71765137
-28.68188477
-27.71221924
-26.8007164
-25.94079399
-25.12692833
-24.35443115
-23.61930275
-22.91809273
-22.24780846
-21.60583878
-20.98988724
-20.39792633
-19.82815361
-19.27897263
-18.74894333
-18.23677444
-17.74130058
-17.26147079
-16.79632378
-16.34498978
-15.90667248
-15.48063946
-15.06622314
-14.66280651
-14.26982021
-13.88673782
-13.51307392
-13.14837551
-12.79222202
-12.4442234
-12.1040144
-11.77125263
-11.44561958
-11.1268177
-10.81456375
-10.50859642
-10.20866585
-9.914539337
-9.62599659
-9.342827797
-9.064839363
-8.791844368
-8.523664474
-8.260135651
-8.001096725
-7.746397495
-7.495897293
-7.249458313
-7.006951332
-6.768252373
-6.533244133
-6.301812649
-6.073853493
-5.849262238
-5.627941608
-5.409796715
-5.194738865
-4.982679844
-4.773539543
-4.567237854
-4.363698959
-4.162849426
-3.964619398
-3.768941164
-3.575748682
-3.384982109
-3.196580172
-3.010484695
-2.826639891
-2.644992352
-2.465488672
-2.288081408
-2.112720728
-1.939359903
-1.767954111
-1.598459721
-1.430833459
-1.265036464
-1.101028562
-0.9387713075
-0.7782278061
-0.6193622947
-0.4621390104
-0.3065262735
-0.1524904817